7403564

7403564
7405280
7403564
7403632
5056768
4740242
7403564
12517376
7403628
1999481657
0
5056768
7403564
128
3
12560832
10
12561736
7404144
0
0
5
2311
0
7404168
0
0
16843448
0
12517568
234883335
28
12560079
0
0
112
7404216
0
12550144
16907088
0
28
7404240
0
7404288
1999613200
1562446681
-2
7404264
0
0
1999665156
12559856
12517376
7404288
0
7404288
224
1562446592
12
7404312
0
12545280
1999392730
711542993
12518768
7404336
0
12559872
0
1
1
7404360
0
234883328
1999392730
711542785
12545496
12517376
0
1983148921
12517376
7404400
0
134217728
12545472
234883335
-20
7404424
0
50397184
1999481657
12545472
0
0
12517376
7404456
0
0
-5
-2308
128
0
4
1999340465
12518768
0
29294592
3
5
3
4442516
0
8
12517376
12518072
1
12545496
3
127
0
3
1
12559856
0
3
0
12518064
1
12517568
469762076
8
0
0
8
32
12518000
12545504
0
16842752
0
12517568
134217736
3
7404840
1999568896
1562446592
12
12518000
3
12518000
16873476
3
3
12545508
12545504
7404888
1999613200
1562446681
-2
7404796
1999665117
0
1999665156
12545504
12517376
0
12518776
7404828
12517376
0
7404780
1999387574
0
0
0
12545504
12518776
0
12545504
1983148921
12517376
0
4199040
16120
12545472
7405224
4442516
1
12545472
12545704
1999481657
12545472
12517376
0
1999481657
0
711543169
12545704
4448720
0
711543185
0
4257541
5030484
0
7405224
4442516
1
12545472
12545704
5028580
5030484
5030484
6
5058312
0
7405164
12545704
5058312
0
4199040
7405224
4327844
0
6
5030484
4199040
16120
12545472
7405224
4442516
1
12545472
12545704
1999481657
12545472
0
0
1999481657
0
711543153
28
12520544
12520572
845042836
7405128
1983148274
12517376
0
12520544
-38802818
28
12520544
12520572
0
4199040
4199040
32
12520544
12520576
845042836
7405192
1983148274
12517376
0
12520544
-38802754
32
12520544
12520576
7405212
1983276273
8
1983213117
128
7405132
4199040
4398144
0
12520580
7405220
1983213305
12520580
7405212
1983278997
1983595292
7405276
1983276273
8
12559856
19
19
4199040
4199040
0
4398144
7405232
7405288
7405516
1983237312
-1947886594
-2
7405288
1983213357
4398144
7405328
2158592
4199040
4199040
7405440
4198653
83
2
2158592
4198653
1
12523008
12523656
5054464
7405376
-1
7405380
1983237312
-1947892162
-2
7405380
1983236711
12523656
0
1983214925
1
2158592
4199061
1
0
0
0
0
0
0
1998191145
2158592
1998191120
7405532
1999534670
2158592
711543677
0
0
2158592
0
0
0
0
0
0
0
0
0
0
7405452
0
7405540
1999613200
1562473009
0
7405548
1999534622
-1
1999669488
0
0
4199040
2158592
0
